000001		
000002		
000009		
000021		
000027		
000032		
000034		
000039		
000050		
000060		
000063		
000066		
000100		
000155		
000157		
000166		
000301		
000333		
000338		
000400		
000401		
000403		
000408		
000423		
000425		
000426		
000513		
000519		
000537		
000538		
000539		
000559		
000563		
000568		
000591		
000596		
000598		
000617		
000623		
000625		
000629		
000630		
000636		
000651		
000661		
000683		
000703		
000708		
000709		
000723		
000725		
000728		
000729		
000733		
000738		
000739		
000750		
000768		
000776		
000778		
000783		
000785		
000786		
000792		
000800		
000807		
000818		
000825		
000830		
000831		
000858		
000876		
000878		
000883		
000887		
000893		
000895		
000898		
000921		
000932		
000937		
000938		
000958		
000959		
000960		
000963		
000967		
000975		
000977		
000983		
000987		
000988		
000997		
000998		
000999		
001203		
001227		
001286		
001289		
001965		
001979		
002001		
002007		
002008		
002019		
002025		
002027		
002028		
002044		
002049		
002050		
002056		
002064		
002065		
002074		
002078		
002080		
002085		
002120		
002128		
002129		
002138		
002142		
002152		
002153		
002155		
002156		
002179		
002180		
002185		
002195		
002202		
002203		
002223		
002230		
002236		
002240		
002241		
002244		
002252		
002261		
002262		
002266		
002268		
002271		
002273		
002281		
002294		
002299		
002304		
002311		
002318		
002340		
002352		
002353		
002368		
002371		
002372		
002373		
002384		
002385		
002407		
002408		
002409		
002410		
002414		
002415		
002422		
002423		
002429		
002430		
002432		
002436		
002439		
002444		
002459		
002460		
002463		
002465		
002466		
002472		
002475		
002487		
002493		
002500		
002507		
002508		
002517		
002531		
002532		
002555		
002557		
002558		
002563		
002568		
002572		
002594		
002595		
002601		
002603		
002607		
002608		
002624		
002625		
002648		
002653		
002670		
002673		
002683		
002690		
002709		
002714		
002736		
002738		
002739		
002756		
002797		
002812		
002821		
002831		
002841		
002850		
002867		
002916		
002920		
002926		
002938		
002939		
002945		
002958		
002966		
002984		
003022		
003031		
003035		
003816		
300001		
300002		
300003		
300009		
300012		
300014		
300015		
300017		
300024		
300033		
300037		
300054		
300058		
300059		
300070		
300073		
300114		
300118		
300122		
300124		
300136		
300140		
300142		
300144		
300146		
300207		
300212		
300223		
300251		
300274		
300285		
300308		
300316		
300339		
300347		
300373		
300383		
300390		
300394		
300395		
300408		
300413		
300418		
300433		
300442		
300450		
300474		
300476		
300487		
300496		
300498		
300502		
300529		
300558		
300567		
300573		
300595		
300601		
300604		
300628		
300661		
300676		
300677		
300699		
300724		
300748		
300750		
300751		
300759		
300760		
300763		
300765		
300782		
300803		
300832		
300866		
300888		
300896		
300919		
300957		
300979		
300999		
301165		
301236		
301267		
301269		
301301		
301308		
301358		
301498		
600000		
600004		
600007		
600008		
600009		
600010		
600011		
600015		
600016		
600018		
600019		
600021		
600023		
600025		
600026		
600027		
600028		
600029		
600030		
600031		
600032		
600036		
600038		
600039		
600048		
600050		
600056		
600060		
600061		
600062		
600066		
600079		
600085		
600089		
600095		
600096		
600098		
600104		
600109		
600111		
600115		
600118		
600126		
600129		
600131		
600132		
600141		
600143		
600150		
600153		
600155		
600157		
600160		
600161		
600166		
600170		
600176		
600177		
600183		
600188		
600196		
600208		
600219		
600233		
600258		
600271		
600276		
600282		
600295		
600298		
600299		
600309		
600312		
600316		
600325		
600329		
600332		
600339		
600346		
600348		
600350		
600352		
600361		
600362		
600369		
600372		
600373		
600377		
600378		
600380		
600390		
600392		
600398		
600406		
600415		
600416		
600418		
600426		
600435		
600436		
600438		
600460		
600482		
600483		
600486		
600487		
600489		
600497		
600498		
600499		
600500		
600511		
600515		
600516		
600517		
600519		
600521		
600528		
600529		
600535		
600536		
600546		
600547		
600549		
600563		
600566		
600570		
600578		
600580		
600582		
600583		
600584		
600585		
600588		
600598		
600600		
600606		
600612		
600637		
600642		
600655		
600660		
600663		
600673		
600674		
600685		
600688		
600690		
600699		
600704		
600707		
600720		
600737		
600739		
600741		
600745		
600754		
600755		
600760		
600763		
600764		
600765		
600795		
600801		
600803		
600808		
600809		
600816		
600820		
600837		
600839		
600845		
600848		
600859		
600862		
600863		
600867		
600871		
600872		
600873		
600875		
600879		
600884		
600885		
600886		
600887		
600893		
600895		
600900		
600901		
600905		
600906		
600909		
600918		
600919		
600925		
600926		
600927		
600928		
600938		
600941		
600956		
600958		
600959		
600968		
600970		
600977		
600988		
600989		
600995		
600998		
600999		
601000		
601001		
601006		
601009		
601012		
601016		
601019		
601021		
601059		
601061		
601066		
601088		
601098		
601099		
601100		
601106		
601108		
601111		
601117		
601118		
601127		
601128		
601136		
601138		
601139		
601155		
601156		
601158		
601162		
601166		
601168		
601169		
601179		
601186		
601198		
601211		
601212		
601216		
601225		
601228		
601229		
601231		
601233		
601236		
601238		
601288		
601318		
601319		
601328		
601336		
601360		
601377		
601390		
601398		
601399		
601456		
601555		
601567		
601568		
601577		
601598		
601600		
601601		
601607		
601608		
601611		
601615		
601618		
601628		
601633		
601636		
601658		
601665		
601666		
601668		
601669		
601688		
601689		
601696		
601698		
601699		
601717		
601728		
601766		
601788		
601799		
601800		
601808		
601816		
601818		
601838		
601857		
601858		
601865		
601866		
601868		
601872		
601877		
601878		
601880		
601881		
601888		
601898		
601899		
601901		
601916		
601918		
601919		
601928		
601933		
601939		
601958		
601965		
601966		
601985		
601988		
601989		
601990		
601991		
601992		
601995		
601997		
601998		
603000		
603019		
603056		
603077		
603087		
603129		
603156		
603160		
603179		
603185		
603195		
603225		
603228		
603233		
603259		
603260		
603288		
603290		
603296		
603298		
603338		
603341		
603345		
603369		
603379		
603392		
603444		
603456		
603486		
603501		
603529		
603556		
603568		
603589		
603596		
603605		
603606		
603650		
603658		
603659		
603688		
603707		
603712		
603728		
603737		
603786		
603799		
603806		
603816		
603826		
603833		
603858		
603868		
603882		
603883		
603885		
603893		
603899		
603927		
603939		
603979		
603986		
603993		
605117		
605358		
605499		
688002		
688005		
688008		
688009		
688012		
688017		
688032		
688036		
688041		
688047		
688052		
688065		
688072		
688082		
688099		
688111		
688114		
688120		
688122		
688126		
688153		
688169		
688172		
688180		
688187		
688188		
688213		
688220		
688223		
688234		
688248		
688249		
688256		
688271		
688276		
688278		
688281		
688295		
688297		
688301		
688303		
688331		
688349		
688361		
688363		
688375		
688385		
688387		
688390		
688396		
688425		
688469		
688472		
688475		
688506		
688516		
688520		
688521		
688525		
688536		
688538		
688561		
688563		
688567		
688578		
688599		
688617		
688772		
688777		
688778		
688819		
688981		
689009		
