601933
000564
600598    
601766    
603833    
000876    
300498    
002157    
688009    
300999    
301269    
688065    
000400    
002714    
601800    
600048    
603345    
688396    
601186    
600406    
600398    
600161    
601888    
601618    
600160    
688235    
688363    
302132    
601390    
600000    
600028    
600873    
601880    
002025    
600737    
600998    
601668    
688617    
688187    
600104    
600111    
600536    
600585    
688188    
601669    
601816    
601117    
600486    
300015    
300012    
600754    
601868    
000831    
601001    
601989    
600096    
601699    
000703    
600968    
601857    
600188    
600298    
601088    
000301    
000333    
601919    
600989    
603899    
600862    
688126    
601155    
600690    
603369    
600655    
603288    
688469    
601607    
000425    
600150    
000596    
001965    
000617    
000027    
600010    
600938    
600887    
601016    
688223    
003816    
688472    
603156    
600153    
001979    
600027    
600765    
002311    
300418    
000738    
601211    
300474    
002179    
688249    
601728    
600372    
000983    
601799    
688036    
000538    
300529    
600482    
600132    
601021    
601991    
601333    
688271    
300413    
688538    
601127    
688180    
000858    
601006    
300146    
002493    
688303    
601077    
002128    
600905    
000651    
000800    
300919    
300251    
601166    
600021    
300724    
600348    
600546    
600926    
600031    
600941    
600025    
300765    
600426    
000768    
300751    
603606    
603589    
000776    
600515    
600177    
601666    
688728    
002244    
600008    
002508    
600004    
000683    
000792    
300122    
601179    
603260    
002966    
600011    
600547    
601872    
601899    
688047    
601319    
000002    
301236    
603658    
300373    
601225    
000568    
300496    
601128    
300896    
688599    
688213    
600900    
600050    
600436    
601601    
600820    
002120    
600009    
002372    
600566    
300017    
600029    
000598    
601000    
600549    
600038    
002271    
600519    
600985    
600583    
600016    
600352    
000166    
603939    
600999    
600685    
600233    
600958    
600221    
002739    
600157    
600085    
002262    
600779    
603885    
000066    
600089    
000895    
601866    
300014    
600511    
600332    
600795    
300144    
002352    
601238    
600141    
002001    
002078    
600062    
000708    
600863    
600875    
300003    
601997    
601985    
000786    
301358    
600970    
002223    
601628    
600118    
600115    
601818    
600256    
603392    
300750    
002252    
600702    
600893    
000830    
601012    
601288    
300763    
601928    
600390    
600196    
600015    
600019    
600030    
002603    
600918    
600704    
600329    
601169    
600039    
002304    
002430    
603019    
601990    
002180    
600061    
600885    
300033    
000157    
600309    
300059    
000661    
600637    
601009    
600582    
600673    
000825    
002027    
002594    
601788    
600535    
000009    
300339    
601633    
600518    
300699    
300207    
688777    
002736    
600170    
600026    
600109    
601995    
000001    
601377    
600760    
300760    
603816    
000625    
601916    
601688    
601577    
002340    
601398    
601555    
000728    
603568    
600346    
600600    
600282    
603605    
000338    
603198    
600497    
601988    
600176    
603087    
601318    
000513    
600919    
688347    
002517    
688234    
600674    
300223    
002142    
688082    
601665    
601328    
600438    
600079    
300450    
002673    
000932    
000709    
600705    
002456    
000921    
002294    
600489    
002555    
688111    
688122    
601658    
601958    
601118    
600369    
000519    
600741    
000423    
601136    
300001    
688385    
601825    
300124    
600487    
600886    
601901    
601111    
601456    
601717    
603195    
002595    
002625    
688072    
601838    
601229    
000975    
000783    
300803    
688981    
000750    
600522    
300782    
601878    
600036    
002032    
000999    
600803    
002756    
300316    
600642    
688099    
601696    
300274    
300054    
601939    
601108    
002007    
300487    
601336    
002939    
601881    
688008    
002415    
600879    
300037    
000725    
300759    
000729    
688256    
688120    
688012    
000629    
002812    
600023    
601877    
600909    
605499    
000408    
002236    
600563    
603000    
600895    
002797    
600988    
603806    
002432    
300454    
601099    
600219    
002371    
600845    
600703    
300866    
600380    
002422    
300347    
600660    
601216    
300832    
600460    
002064    
601066    
601162    
002202    
000963    
002049    
601567    
002466    
002920    
002601    
600276    
600809    
600060    
603290    
002074    
603986    
600066    
600839    
300136    
600745    
601865    
601615    
002414    
002738    
601360    
300442    
601198    
000933    
688608    
300433    
600362    
600521    
002459    
002080    
002028    
002558    
601966    
000039    
603179    
603501    
601727    
000100    
603160    
000630    
601058    
688041    
002230    
605117    
002138    
601100    
000960    
300661    
600588    
002465    
300628    
600570    
000733    
002709    
688169    
002460    
601168    
601600    
603659    
300394    
000050    
000063    
002129    
300408    
002056    
601233    
603799    
000938    
002185    
000878    
002841    
300476    
600584    
002831    
300308    
603298    
603993    
603596    
002152    
002409    
600498    
002984    
002156    
002916    
000021    
600418    
603979    
000807    
300502    
000977    
603486    
600733    
002850    
002429    
000988    
002532    
002085    
600415    
002008    
002821    
002472    
600699    
601138    
002241    
600183    
002444    
002938    
601689    
002600    
601231    
002648    
002050    
002384    
002463    
002281    
603338    
002851    
603296    
603893    
002273    
002353    
002475    
603259    
